Script started on Wed Dec 10 23:11:42 2014
[?1034hbash-3.2$ exit./calculation 
9851543
3132192
2607758
2433969
2645301
1949973
2324223
3799866
2637882
1767433
3980404
4485718
3089865
2185306
6269433
3944499
3093694
2235704
1932596
3351369
3310609
3951622
3445274
3095177
2517620
2633014
2891707
1786042
1978812
3289449
3523751
3465257
3288734
2233173
2149264
2629591
2156042
4422810
1977587
3126022
2946588
1912329
2603534
2528401
3060854
2398405
2024815
3306800
2982882
2799833
3594372
2386868
2883776
2428961
2802585
2474472
2428098
3088175
2607651
3178036
3659215
2515849
2771280
2969362
3166930
3474086
3096361
2204083
3079738
2009495
2120623
2246752
3669789
3198523
1893504
3006784
2646460
3025584
3171454
2710052
2305993
2719763
2792492
2325005
2527816
2463852
3360167
3654337
2980653
2800632
2347731
2148595
2892460
2528384
3081534
3474561
2446750
2551796
2322026
1579109
3371578
4057553
3284146
4176415
2145576
2002491
3454276
3119207
1784644
3264558
2993195
1343871
3085781
3275658
3123247
2849442
2499084
2798842
3317967
2634266
2386747
2963997
2033406
4193080
2176680
2753662
2182924
2835844
3848023
3354543
3019232
4046200
3397699
2598486
3259932
3202623
3709221
2228430
2230252
3874950
2379071
2582264
4410430
3036633
2565038
2499199
3644188
3079700
3899807
2935654
3326085
2651882
3214434
2386594
2974711
2894792
3449135
3580333
4075941
2485112
3745718
3781489
3197210
2970942
3269732
2987295
2574391
2206111
2718396
3257137
2956303
3566275
3582963
3777664
3256658
2543961
3485456
2985697
1871564
2113285
2553268
5173346
3693352
2467801
3162776
2299384
3471279
3272308
3976618
3467473
2481633
3392480
2769008
3857513
2941597
2639439
2129841
3099270
2876362
3374478
2430019
2680665
2231990
2995800
1351207
2722127
2660425
4113612
3678993
3183170
2876480
4083099
3950905
2163476
2821924
2516358
2249701
3004367
2540218
2611296
2974307
3547413
2451472
1392279
2909335
2695356
3716648
3620404
3683583
3220644
2229504
2040137
3002489
3534028
2548948
3023228
2111212
2872535
3613366
3076944
3592885
2345131
3933916
2262835
3819997
2076381
3927994
1641583
3869351
1941689
3068554
3539668
3553810
3444920
2975603
2421521
3487886
2275533
2690885
3035275
2485761
2705866
2519501
2892441
3411550
2724861
3490405
3228593
2289772
2654794
2588057
2690013
3169081
3910447
3702897
2701606
2019174
3281458
2840956
2857414
3655223
2677918
2828628
2147187
3883947
3453924
3401990
2846751
3292660
3543144
2883629
2680478
2698236
3380563
2701666
3605837
2508848
2588483
2690042
3121236
2653637
2247415
3681747
3329250
2845270
1655527
2306025
3202231
3009573
3129547
2494922
2541524
2318647
3120738
2826449
3345009
2212895
2251345
2384587
3710966
3231958
3146396
3280179
2169343
2140074
1588295
3734872
2724198
3123269
2589336
2411913
2993217
2362901
2029204
1815474
3408295
3952097
2599667
2898776
3082127
3405026
4208334
2841956
2409266
1543933
1913253
3245670
3300062
3206677
3023850
1865705
2774155
2202863
3118529
2264862
2696184
4163347
2743108
3412931
3083254
2873830
1712591
2920241
3076380
2522953
3049879
2365190
2149842
3021055
2761939
3109936
2229938
2907850
2914711
2784347
2527120
2371242
2214398
2387204
2975460
2251307
2935863
3191355
3885716
2500501
3194203
2724007
2982994
2281947
3019007
1575381
3952566
1730498
3368665
3420990
2389551
2501602
2552409
2365253
3453515
2501195
1549676
2537315
3158740
3586394
3345304
1658815
2993749
1702948
2491367
2506929
3070717
3158362
3255252
3400704
3337277
1533180
2171921
2367587
2074933
2653258
2933079
3287762
3525504
2343394
4368817
2031447
2734326
2279100
2561973
3112070
1664437
3459416
3710646
3151191
3628890
3575534
2470199
2580638
2911717
3084179
2173738
1145346
1694888
2472692
3476564
3256050
3042367
2868650
2625814
2470967
2359960
1786696
3389309
2561749
3926188
2929549
3039751
2393724
3362425
3248621
3042258
2498523
3521073
3331681
3541403
3321724
2036196
3275577
3829191
2778724
2615632
3832649
3234535
3286788
2902351
2915744
2351905
2142062
3472267
3075167
2033679
2311330
4615700
2621421
2796728
2183058
2883457
4327788
3458871
3402931
2823865
2972015
3200723
2171876
3169034
1763318
1866560
2177676
2514308
3069880
2650697
3817685
3220137
4563364
3863993
3471903
2255259
2778316
2440965
3638486
2502353
2859351
4046838
2946674
2287542
3280494
2464195
3488416
3459541
3380512
3491572
3162762
4841961
3104201
3234433
2578860
2754441
2224143
3846643
3064731
2772300
2560647
2821445
2967007
2116633
2789853
4105018
2289565
2607631
2497189
2680089
2283040
2852214
2971872
3512432
3416675
3176408
3892523
2497144
2849182
1564666
2933907
3722282
1990764
3237830
2084340
3467424
3022962
2649031
3235844
3146118
1853510
2704896
3079320
2761420
3370240
3266162
3778495
2628826
2919503
3737090
3171622
3464174
2858734
2377368
2183433
2741313
1621869
3263665
2979356
2373644
3548358
4279362
2302360
2042942
3502689
3382541
2558796
2574579
2469860
3124889
2375568
3082590
3671614
2750300
2941266
3252458
3638656
3496608
1870997
2751637
3157631
1773911
3055245
3521171
3104790
2646353
2474513
3064105
2932043
3158127
1774119
3363213
3916487
4118305
2240324
3169015
3475156
1736227
3948812
3442916
4030413
2496145
3094586
2363151
3375681
3154268
3446225
1530069
3311644
3001870
3362554
2854758
2817162
2499774
3017828
4163418
3200525
2753234
3783123
3358493
2420200
4520494
3094072
4343180
2603279
3184371
3678845
4070495
3212663
3409184
3043171
3521193
3517113
2701185
3776255
3387411
2817036
3481894
3568060
3862435
2580551
2603334
3479416
3123206
3061823
3062172
2490249
2252787
3229266
3519083
2817527
3617250
3185962
2182732
1939986
3935373
1926231
1583810
3064001
3056763
2207095
3895610
3234573
3247213
3796154
2956411
2474910
4104984
2186305
3061634
4130968
2664433
3622740
3413605
2682770
3355856
2902525
3146704
2125302
4264059
2629419
3511709
3155148
2570272
2232277
2946086
2254105
3051712
2062356
1746101
1898337
4019201
2047168
2323710
3382025
13180605
4590038
2699579
5556545
97229035
4252164
3220086
2946061
3738403
3757902
3525245
3013620
3447669
2703286
4751445
2541195
2744461
25398669
2051635
3276294
3123143
1839217
3018049
2720917
2297626
4673639
2508217
3700568
3569803
2683324
2795747
58399740
3678111
3315541
2442856
4222231
7985865
8491532
3356974
3364405
2962011
2306853
4165344
2967827
1806981
2470762
3553964
2373459
3661124
3712147
2288344
2527767
2907071
3190532
3342672
2240743
4174683
2970562
2970000
2644655
2871160
2930270
3583034
2605162
3574536
2014610
3857018
3365916
2876931
4371623
3330654
2864104
3298726
2400609
3298308
2417397
3300130
2432776
2996599
3859725
2132984
4284666
2863729
2623570
3160190
3131292
2993898
4804411
3035367
3115568
5003571
2931380
4307183
4267696
3128289
4141918
2863554
2939201
3621113
3721974
3753025
3595889
2941127
2874735
4543452
2915821
3138036
3552705
3684078
2264736
3567910
2837834
2736956
3800026
1794281
3366873
3344431
2605815
4424646
3840726
2778988
3426324
1792403
3603414
3037271
3007347
4248680
2920114
3441268
3336455
3429619
2930594
3736747
2347030
2171331
3561662
3166334
2431678
3596781
3787190
3554387
3577107
2544622
2747752
2201720
3009488
3480498
3055179
2732512
4131070
2838611
3364313
3263599
3346264
3710843
2471402
2951317
2823022
2472673
4706462
3941989
4086876
2857418
3250316
2471985
3903535
3219023
3725289
2452774
2871814
1824252
2514960
2384452
2686129
3168758
2948167
2463822
3169491
2451732
2580695
3274818
3327802
1997892
2592016
3809633
2674763
3821860
2901716
4695917
2612088
2876928
1656296
2827552
2807906
3779032
2582356
2594094
3228219
1539585
2010984
3178862
3864737
3432564
3080153
2458395
3068877
2868092
2955123
2128939
3376663
2216857
3621332
3539330
3743322
3596562
1890237
3866653
2196019
1905929
4286122
3612642
3081869
2537856
3265898
2312306
3045097
2914399
2712744
2798587
4208587
2835922
2318201
2125633
2696993
2915494
3338796
1955782
2232487
2863528
3650577
2801983
2679544
2623931
2638079
2890402
3799530
2668337
2702586
3004716
2989870
2590651
2881490
2322643
3108966
4272258
2750911
2837783
2671250
2506363
3151518
3465388
3908403
3495812
2589937
3178907
3107692
2842834
2906478
2223865
3735729
3436503
2352004
2405296
2052181
2303740
2261437
3259503
3840907
2841854
2763063
1861401
2972915
3527095
2520414
2864632
2343062
3826461
2906352
2934047
2704095
3168239
2667700
3728027
1798364
2753572
3096783
2871827
3545383
3600866
2804774
3372686
3398170
2966862
3675374
2599422
3116049
2052296
2714026
3313846
3360905
3799575
3494646
3492297
2615438
3728040
4104834
3126634
4055643
2674418
3896628
2974176
2262264
2798602
3386631
3125087
2530558
3130161
3779392
2985057
3571133
3182652
3105379
3323049
3538699
3730121
3274767
1998357
3220697
3679594
3684112
2536957
2738744
4139065
2276362
3554849
2946339
3153775
4465851
2577200
3357442
2735156
3631810
2651046
2901963
2581056
3184784
2857272
4092646
2680487
2625496
2842120
2436546
2210949
4087174
2101902
2731684
4184264
3157068
3508974
4722337
2632624
2948935
3026165
3130420
3078677
2655354
3692830
3755467
2819268
2740091
2209711
3197648
3038305
3019664
3810497
3474045
3073261
4635124
2256474
2566885
3216698
3044265
2239492
3583015
2357296
4145385
2328559
2998600
3591674
3807543
3707900
3040235
3098552
3755289
3298007
2586117
2576013
3493198
3321067
3031121
3256134
1538208
2752401
3810528
3304949
3172687
2659414
2688693
2851818
3123886
3540284
4125684
3308013
2853686
3125565
3480140
2583586
2648300
2886194
2417516
3045633
3759345
2982797
3501607
2980269
2855597
2696010
2310483
3636480
2744893
2362864
2382077
3217025
2815708
3445344
3082428
3057515
4116094
3298734
2794032
2603627
3975697
3536354
3556592
2752298
2960895
2793000
3057303
3011792
3988452
2380605
2674608
2817703
3342508
2286664
3466128
3657531
4720942
3218944
3991339
3293674
2779012
3160635
3923469
3355197
3274436
3807989
3043093
3636570
3685467
2723958
1599682
3980956
2005967
2787760
3515108
3791891
2924899
2653961
3489143
2095913
4226983
3177714
2310230
3843107
2759084
2720848
3094466
2718101
2223168
2245243
4384166
2785118
2810558
2879053
2924392
3235522
2541619
2603161
2230313
3801581
4490848
3923656
3398396
3364217
3122303
2417780
2080093
2302985
3764268
3343372
3129297
3180082
3050853
3748301
2283875
2907014
2402835
3629844
3314655
2409906
2977351
3871781
3287955
2837488
3118607
1945992
3923551
3511307
2954689
3118203
2439896
1229228
2614635
2413154
3637134
3594658
3723565
3126353
4098636
3292365
3405436
3742052
4697553
1859514
1905420
3476389
3065830
2278316
3103193
2563771
3025831
4387014
3643659
3727561
2916733
3157295
3016308
3126136
3680737
3276887
3775780
1559637
3542603
3314654
3198573
1970451
2773944
2419045
2755476
2656885
3613683
1867124
2969915
4044513
2224995
2702962
3615207
2517377
2494978
2035492
2330243
2102280
4173168
2567115
2845288
2043944
3006440
3718624
3435550
3717625
3094220
2043177
2814301
3051847
3793048
3025207
3368136
2503270
3614562
3004573
3678229
2818660
3784158
3747031
3162246
2806727
4099721
2733723
3587399
2933477
1702220
2658028
3067177
3227563
2944861
3731369
2366968
3162343
3372566
1696683
2061569
2295395
1979965
3040971
3231604
3453539
3709200
3326527
2472345
3803076
2900971
2052766
3261709
3226331
2892749
2538815
3613752
3434160
2579109
2187308
1988613
3374662
2752992
3644370
3380710
4528434
3360437
4113844
3436992
2803258
2023036
3457640
2123178
3684958
4011644
2553766
2768290
3837097
3048323
2101176
2917164
3130562
2852105
3553233
3078792
2266366
2859544
2475826
2815518
2188176
3802376
3484193
2907944
2175156
3411117
3015892
3937577
3145901
4750501
1936591
5614274
3366111
3365260
2698809
2557728
2407722
3394504
2114440
4370137
3712908
3352934
3595146
4049629
2817000
3007702
3835484
2327749
2689055
3294508
3606181
2042772
2611924
2988793
4265272
3044751
3329811
2500915
2753559
1732403
2734411
3554782
3902086
2614374
4007592
2298949
2702933
2900796
3135472
2177438
2682713
3303018
3510079
3047223
3296172
3379565
2314463
3140304
3482122
2365406
3472589
1768810
2629216
3171164
3800563
2821631
4025618
2675357
2447254
3223410
2936214
3275970
3746256
3447670
2023753
3020963
2477966
3864435
3378363
3230513
3956069
2513218
2410526
3874787
2647763
2810791
3019394
2909748
3406964
3099035
2416474
2277199
2905760
3698806
3127315
3121956
3258832
3143782
3382163
2711648
2681568
3151504
2665325
2018344
3227829
2071535
3385782
3331247
3543570
3311135
1707405
2949109
3303604
3424635
3214445
4159416
2516999
4394869
3659642
2492402
3660773
3054924
1719494
3553418
2712741
3043450
2473240
4296144
4134329
4391602
2049052
2689314
2514080
2123246
3239319
2464858
2632656
3552387
3269058
3203054
3086916
3398422
3398582
2792388
4295687
2921542
3309936
2887212
2714243
3060759
2998236
3943227
3454194
2554828
2422818
4387321
3951548
3121677
2503012
2780941
2713398
3407112
3269114
2720051
3879400
3235386
3259358
2256890
2734548
2386752
3805010
2889223
2287783
1997595
3626115
2869394
2741362
3047264
2909010
3771903
3113416
3131289
1776854
2715289
1991578
2811160
3198317
2455522
1576397
3057804
1839139
3106047
4210988
3089827
4186359
2340717
3406780
3124413
2190714
2181304
3112451
2686256
3021461
2427843
4125203
3978257
2977805
2548695
2612334
2902551
3487376
2720853
3250917
4075434
1956816
2529085
2675976
2800864
2841498
2256697
2246833
3575053
3494101
3435108
2816763
4077085
3795749
2627672
2400238
3978725
3302734
3025506
2562925
2984980
3778070
2320554
2580545
2763881
3880842
2112100
2195357
3499183
3222507
2686566
4223496
3372788
3523695
4359806
4044676
3243332
3386622
3325941
12083260
2578003
2991756
4692863
5752190
3292640
2975497
3368950
3887814
3532501
2934381
3042909
3329506
4674449
2597567
2926879
3411555
2267828
2239212
4082316
3511474
2026120
4360494
3516207
5912998
3421890
3900834
3031908
2962954
2684660
2928734
2466179
2473823
2371911
2431274
3916639
2889098
2516630
3115993
4489012
2039480
2704048
3460415
3167947
2669206
4272245
2779343
5026417
3398939
3309378
3289298
3419253
3870138
2568758
2629436
3342539
4091299
3408129
4755992
3031212
3134858
2300366
2026570
4757690
2681594
2324790
4587922
3657607
3950790
3045865
5360127
2094523
2962402
3700134
2847381
3470352
3669193
4550928
2544956
2949233
3220207
4098220
4216127
2956229
3180448
2946980
2158885
2983045
2508516
2993829
1415916
2307955
4503338
2145715
3615440
3239885
3451132
3380251
2478405
2440510
3053558
3409999
2512213
3610882
2624435
3272939
2731404
4049128
3762278
3746408
2983446
2871401
3955736
3233410
2768123
3511838
4732060
7629956
2711234
2624510
3220664
3313441
3288199
3961509
2658674
2652126
3573612
2203090
4279954
4067180
2847576
2954589
3161003
4309553
2469833
3143198
3244035
2497119
3841062
4301114
2102549
2953537
3982386
2732220
2861187
2847607
3405622
1551483
2385898
2623931
2428881
3483085
4503823
3251891
4771575
4069061
3904630
4179326
1706386
2600964
2980509
3374552
4420956
3210283
4276704
2685943
3485741
5000282
1770999
2255480
4594679
1256647
2213993
3339717
2828199
3593082
2116563
2167996
2111001
2681310
5442372
4008198
5608523
2288664
3241400
2262459
4621999
3589113
2770501
6257584
3836902
2083148
2406916
3479232
3008414
2939446
3122000
3760565
4774200
1341605
3317763
2662380
3877111
3730349
2806210
3663677
3478507
2227449
2979735
4121632
3451193
4341367
3261241
3357868
3609080
2826608
3603670
3827710
4243040
3127068
3562190
5184783
3361684
2820165
3459813
3530403
2772075
3071335
3111902
3287798
3145873
2523835
3171024
4218126
3111196
3539013
3031912
2639275
3083856
2811845
2677033
3516078
2877690
1924445
3445030
3572359
3408770
2865129
1973969
3015521
3224332
2351124
3640582
3700043
3886137
2893856
3444462
3234814
4067194
3542005
2172943
2632512
3673862
1987603
2658078
7719375
2235927
3434036
2888127
3108791
4379549
2790614
4567474
4656698
4248317
3140759
3689402
3222678
2610701
4716238
2757705
3171808
5371276
3988319
4247429
4031966
2664832
5210764
3127324
2769035
3733229
2477220
1793145
2316184
2250745
3373269
2137439
4199627
3343883
1995441
2042498
2176722
3295480
3447093
2717977
4075610
3175444
3183979
1845905
2112741
3543810
2387954
3961631
2606560
2853887
2623118
3835576
3956714
2862695
3372814
3953332
3453421
4165413
3017210
3435460
4089991
2801902
2178440
2262471
2894529
3144756
2645863
4548734
2101299
3239539
2847126
2650096
3499177
2640759
5303279
3578917
4040560
3029716
3059667
2365731
2790401
3494667
3255390
3184401
2942791
3316762
2875942
2851190
3769649
3448438
2810663
2771979
3582585
4697324
2012974
2606504
2652410
2726259
3576304
3318252
2353517
2435397
3482437
2744836
3347798
3524508
2832767
3266324
2662286
2688874
2459262
3537185
1933252
3354197
3386398
3549739
1768622
3424488
2580323
2267586
4738308
4197381
3004895
4256268
2974414
3272216
3712632
3192907
2444693
3806948
3157550
7589818
2731913
2376019
4415895
2919337
3286174
2682898
2256156
4039037
2594886
4194074
2875401
3381505
2964003
3528518
3859316
3790916
3909773
1916614
2671715
2063100
2570986
3685713
3372352
1742471
1860848
3694321
2959662
5214471
3718940
4720182
2647611
3199910
3010512
4365294
3223090
3190936
4869929
3529700
3901111
3508792
3191546
3021419
5143066
2777353
3418489
4231058
5164844
3141907
2466378
3052508
1831032
2763868
3232592
2778720
3585404
2660944
3648016
2948126
2701127
3838505
3126469
2890433
2195182
4338415
2966021
4675548
3185391
2756774
3061307
2842611
2440546
2353979
1684336
4207177
2945260
5677840
3036031
2388050
5828102
3228600
3346056
2555111
3418462
4145096
3501760
3078189
4572798
5721170
2182817
2526761
2776048
3731952
3120843
2791570
3053318
4374298
3469731
5313909
2601183
3080307
1156746
5286941
2905145
3851845
2985894
2833382
3786306
4256983
2663144
3269803
2350696
1797229
2394153
3079160
4520045
5170061
3546803
4587950
4450243
6342531
3645510
3562312
4178673
2091488
2983535
2858940
3760898
4649253
3062372
2780623
3244848
2512893
3038171
2251027
3633012
2267870
3073823
2195431
2561899
3226624
3439041
2450010
2606316
3230225
3095473
3158715
2036411
3200877
2689302
2509893
4891515
5281780
2340217
3752616
2930666
3559832
4961113
3457465
2518389
1977205
4008850
3990952
3307504
3398566
2851130
4380254
3806351
5740887
2866479
4171082
2685149
3554717
3524007
4197586
4849979
2171791
3353071
2623732
3509175
3047620
2664980
2391303
2402110
2875311
3030466
2909846
2717524
2711813
3192000
2808242
3246119
3036834
3320143
3012443
3251704
5064492
3094651
3066286
5981264
4149219
2882539
5522083
84561371
2538288
3564603
3264245
3745672
4126857
3394641
3384406
3712591
1670362
4331655
3155865
3046761
3317233
3093274
4101215
4375895
4683977
2969389
4490019
3661434
1713399
3304473
3175090
7059109
3680662
3760088
2798534
4958352
3078592
3477976
3066712
3604329
2004678
6455762
1682739
4408952
3523124
3908375
2738961
3695310
4051893
3234222
3913248
3364303
3420868
2608269
1952556
2679562
4655960
3293618
3911506
2399799
2770280
2462064
4025600
3847096
3873558
3200681
3284150
4461657
3011293
2731130
2773685
3053781
4207960
2524912
2955950
3011271
3437511
2397554
2706912
2999037
3416299
4814093
3690705
3229930
3180660
3462590
3721237
4584053
3297813
3218515
3668299
3093117
1450186
2954573
3254229
2409808
6086120
2443974
2351128
3269337
4672544
3413211
2388257
1825131
3271103
3935271
3374283
2871407
3069377
2774392
1332927
2209565
3944719
3571423
1775446
2663590
3986610
3873346
1967784
3149086
2182174
3379875
2749049
3664620
3257130
3992628
2904260
2937137
3303190
4257366
2129166
3297384
3132417
3507507
10991503
3387981
3601760
2659638
3857361
3343057
2314249
1827605
2678496
2283633
2216986
2538371
2979466
2527201
2597896
2066448
3803561
2091653
3643463
2161317
3420201
3599444
3403292
3687161
3007137
3273674
2419671
3579594
2830365
4145260
2257748
3077443
2763423
3742566
3519737
4676661
4422706
2125816
1795489
1988624
5214569
3870322
2795255
2055250
2833605
1856917
9945942
2602972
3429979
3043921
2051664
3064806
4926463
3323845
2471428
2878008
4102297
3848593
3351173
2506133
2460082
2216711
7590827
2498164
2599979
2459572
2802937
2703675
3058082
2855386
2136980
2164557
4106293
5239397
4808183
3596307
3706030
2456916
3754663
3105125
5379406
2636798
3082437
3263718
4777512
2394076
3630016
3945263
3232220
2967799
3970644
2336660
3378803
2824412
4436183
3388175
2252539
2949366
2578349
2146432
3248598
2361705
2720711
2506654
4545186
6434739
1909359
3732648
3594483
2994006
2378689
3275152
4772701
2793220
2406874
3461525
2252961
3450805
1983144
2961822
2764315
4005392
4185456
835038
2862172
3320501
1722438
2138786
3769610
3508495
2205615
2528690
2613547
3173764
2606985
3929538
2592682
6989552
2810697
1950813
3531030
4349429
2674694
6701413
3257127
3501006
3284667
3935314
2543396
2432612
3664150
4308000
2836880
3354027
3223513
3479763
3768877
3844400
2740021
3969508
2387072
2388500
3337068
3658773
3008293
3488802
2602894
2844532
3164483
2586685
3854142
3226707
3186568
1664485
2923284
2384445
4349824
1978275
3043731
307957901
2819464
62762172
2435834
2967762
3574239
8386241
6065963
259878071
2523546
2956460
3338798
3051138
1813811
5207708
2364986
3916344
1782153
3517589
2584280
4245070
1501354
2289589
2756189
3760130
3317730
2717791
2613560
3008449
2263748
2366092
2997473
2834572
2800998
3306569
2101627
2947384
3937011
3217948
4001848
2552663
2784600
3979259
4532898
3664314
3897572
2561654
4019412
3481791
3773481
2613956
7147224
3223439
2320153
2524851
3342929
3792016
2444501
1441582
2915572
2674661
2875288
2267096
2652604
3208752
1608880
3231938
2470929
3488930
3391379
2689290
5029766
3514235
3024405
3012190
4722163
3178593
3730125
3320269
3428639
2593374
2764118
3339335
3405301
2289317
3356701
3911559
2967177
3431989
2294780
2022941
2755925
3791886
3952523
3191345
3304910
2576226
2400382
3634595
2182945
2876032
3701281
4237811
2680661
3525651
3403569
2914371
4102814
3129861
3665525
3375039
2753188
2581128
3697353
2110936
2403024
2487044
2504536
2567721
4070674
2235514
2533278
1970486
3442631
2959370
1171772
2919939
2937768
2489722
2977713
3498279
5363890
3462739
3274902
7718695
2900537
3148392
3035132
2526919
3290623
3381715
3570671
2189661
3518189
2479471
3420206
2742225
2436170
3153250
4000497
3713197
3398159
3780083
3663680
1974245
3083577
3766008
3536597
2700923
3176273
3340534
3603714
3421134
2443508
3200219
2121493
2457350
2605298
1469021
3409711
3021562
4238146
1727307
3365533
2539421
1408225
2754648
4275936
3645578
3336580
3613056
1927600
2001369
3768163
3532543
2965592
2352334
1599591
2815072
2716292
6248186
3840671
3114804
3097145
3139577
3481369
3807366
2809551
3455740
3466105
3453872
3455159
2279931
2322234
2536907
3295152
2707392
2966113
3277149
3277793
2183373
3744740
4092151
3073358
2459931
3584755
2746384
3721189
2230350
2255866
2641537
3258330
3719395
3817892
3150370
7875683
4307582
4965315
2630351
2737581
3856960
2642176
2455674
2105900
1972424
1514543
2766896
2555664
3796174
3469483
2291041
3552377
3145807
2700873
2195681
4631855
2465422
2511496
2222694
6192047
3332017
2989150
4919492
4040871
4586434
3686500
4428697
3012289
2370729
3185268
2037874
2964119
3259679
2712749
1792754
2402974
2757786
3448864
2953192
2569025
3819032
3274605
3208140
2386781
4099112
2345611
2679627
7182829
2097546
73409699
4356612
1789876
2442596
3545831
3584769
1886405
4386784
3343042
2781675
2482155
3102207
2649913
2846807
4189657
2729381
3136987
3026177
3190869
3080271
2532802
4049688
2852789
2110262
3390889
2880360
2812571
2263820
3870551
2919740
2828426
3574706
2969442
2391874
4376573
2245601
3853446
2945474
2537126
2739076
3405004
3746659
3516146
3545191
3416098
4075489
3810941
3665168
2845843
3309905
3028433
3974811
3727929
2568553
2409306
3210696
3232102
3618444
2858568
2281528
2124504
2597265
2356720
3662889
3238571
1583261
3579515
3682355
3784681
3295556
2783205
1106451
3221621
5168616
1942281
3333966
3594609
1555544
4767318
3534788
2227821
2541855
2268058
3242745
2333966
2731346
2432367
3922382
3499476
2823866
2219666
1437786
2747105
3686617
2793646
3409630
4329912
3063861
2596785
3425586
3521038
4392927
3016119
3043876
3784508
4622650
2409108
2160790
3673769
2794857
3454599
3109782
5189056
3664695
2918200
3156722
2689916
2867941
2472438
3013552
2586720
3311799
3005506
2033781
3033823
3049102
3773686
3303248
3023002
2637275
2414812
3385907
3788792
2102795
3641268
1714891
2476271
2405548
4068028
3258162
4845334
3925355
2400701
3384979
3258398
4507477
3374776
3236437
3223215
3488872
4051955
3137646
3889570
2341810
3027242
2897267
2129365
2827947
2410177
3367011
2256572
2657613
3825728
2407744
4374094
2686572
3145685
3347633
2531971
1794641
2878020
5023398
2658416
3089451
2485739
3059934
3109630
3850768
2347090
2570657
3651669
2066592
2773659
2467184
2066411
2261079
4205124
2203107
4289740
1553666
3153770
3730792
5855921
3194334
2323113
3359702
2298391
2387611
3776148
2183078
2019285
2234346
3598765
3459082
2812116
2442999
4047763
3223895
2975150
3450061
2261884
3428641
4881723
3117946
2754536
3065447
3766976
4153288
2924822
3222118
1990083
2779433
3045096
3752316
3001101
2103412
2835098
3575751
5500869
3434870
3147066
3307324
3118851
5904681
3296360
2877334
2726294
3791876
4723522
2456214
2851100
8396810
3618782
6994297
3477579
7335381
3407750
7357476
4151537
7820997
3537328
7914164
3231454
6242803
4408406
2793741
3029978
2703988
2854348
3667267
3118748
4693384
3302404
4390891
3355559
2343881
3908809
3170126
3555532
3713377
2261086
2973985
3359943
2964662
2585990
2087943
2562758
2824835
3453995
3154154
3109921
3021877
3344584
2697441
2414386
3584103
3266681
2063256
3442054
3583336
3696527
3180637
2511504
2630681
2478682
3502359
3129166
3115112
3266196
3901680
2970016
4099819
2392332
5360618
3183898
2968276
3218227
4020490
1524594
3656702
2886948
4408818
3247992
4014479
2583336
2754918
3255246
1946083
3849647
3936907
3120659
2824479
2708653
3675595
2536980
3186534
3088207
2443058
4301152
3019892
2866725
2219529
3694675
3065784
3145426
2820112
2569285
3219675
2403160
2589635
3487551
2282897
2009369
3064782
2305391
2301436
2932050
3066374
3318822
3364799
2012816
3343520
3482081
2248615
2173553
1944161
2896080
2634489
3615933
3808075
8116748
2459549
3118093
5661795
3975765
2932732
2464741
8073777
7623116
3851882
3764667
3562412
2876902
3036715
2730147
6613108
2557029
3817323
3634220
2515030
3463201
3734110
6237752
3315749
3356145
3048086
2575368
3302692
2874431
1943376
2819410
4262615
2518601
2125714
3232700
2640431
3595995
2902137
3108242
4623606
2741613
3015897
4738826
2217293
1781050
3238503
3876442
2584440
3527693
5077963
3467157
3946380
4872986
3241968
3002339
85958618
2716884
1348250
3113211
2241697
3964419
2983122
2807868
3112911
1462269
2595563
2968592
3544565
2817944
3067404
4483158
3691744
3351004
3172541
2353535
2265566
2328890
3774227
6939397
3641391
4202884
3048437
2778848
3349277
2609039
2147006
4847975
3494973
3430060
3913428
3057130
6759307
3436462
6053667
3841056
3473524
1897768
3142856
3235729
3411284
1900595
4737714
4883809
4221829
4083669
3858399
6317426
3328782
5394069
3287127
4542551
3461554
3575222
3390669
3380112
2947377
3223298
2272379
3377400
3205962
4632062
1630895
4454101
3268084
3432694
5853129
2630312
3808897
2299167
3430974
2594298
4712092
2549523
3355607
3193919
3312793
4973152
3441286
4583847
3946929
2706937
3564117
3240001
2950025
4704580
4385220
4292069
2789683
3575479
4505075
4040960
3201739
2715693
2150884
3292592
4075666
3805573
3382400
2242007
3847379
4445180
3795319
3437399
3162842
3112611
2614535
2119503
3124224
3219798
2530722
2489834
3637145
2725776
2636619
2821529
1974691
2913268
4136811
3254739
2807459
3162907
2966969
2221119
1984844
3862876
3473148
3120326
3799903
2227925
3376118
1924329
3603192
3062708
5454826
4284978
2251903
3177754
5841029
2550279
3225054
2712684
3213695
2358201
4342073
3230266
4971724
2595316
2028563
3607023
2651817
3379340
5591624
4772035
2768743
2828885
3131049
4213782
1735872
3460094
2529610
3147149
2469668
4518416
19128681
4335642
6692177
4168772
3081685
3885206
5341481
2811201
3523756
4063717
2739667
3275231
3798277
4266696
2665327
3033610
3292322
3792545
2933499
1941536
2370056
3759087
2595779
2389940
3276801
2139640
4838526
4048102
3763739
3162707
2361202
3151505
3922585
3529334
3218958
5201709
2897910
3838391
3429250
2822532
2413780
2818273
1702281
2744238
2965541
3155290
3422063
6962077
3712348
2904814
2446863
3077426
3548821
3692336
3951812
2272621
2699511
2233613
2463778
3734112
3279763
3300420
2512185
2682135
3360636
3542789
3015675
3462211
2357729
3729927
3926971
3703000
7708954
3762630
3278408
3949226
4019866
3054548
2662085
3124359
2848883
2858516
2297881
2118035
2910245
3144165
2575567
3501149
3223523
3362835
4109690
2057252
3139942
2286502
2939974
1750019
2516080
1853941
4232102
2345092
3462839
2779315
3942833
2288673
2612101
2481006
3524496
2360241
3195148
3420122
4216972
3944668
3960488
1695706
3376981
2825097
2830193
3295042
18090056
9351855
3609211
2258029
2908131
4092077
3656087
13146012
100567879
4331901
2978753
6342735
5971554
2740344
4108992
3139403
1844653
2153283
1265547
3922680
3554135
3380911
3094467
3087731
2122390
2805106
2320338
3850207
2169130
6376386
2413771
2143094
2309964
2953805
3665363
1774050
816757
2898695
3243727
1800821
2377043
2709611
3126691
1941079
2228075
3459778
1860316
2852129
3633717
2468327
2192038
3048407
2898593
3426698
1778782
2092236
1410369
4129485
4606120
3037531
3004221
2718706
2886223
2309950
1721321
3642303
3402238
3818583
2277156
1178729
1496908
2431917
2693216
1710956
2936117
2240559
2682173
1677093
2616187
1760925
4251490
1860098
3035105
3269271
2608126
2364414
2333593
26723982
1853652
2876756
1739858
3348652
3250721
2245561
3849335
2564203
3819024
2824624
2856407
3809592
2905527
2893851
2928684
1685615
2595808
1615944
2906312
76189329
2832493
3462290
3396003
42083256
2308943
2073087
93002706
4020313
3660893
3076407
2875860
3758756
3237601
3452135
4390825
2496669
2206341
2480759
3473429
3381648
3684015
2976443
4590141
26655723
3908070
2669036
4056165
2741874
2620688
4661673
3048741
2684635
4634793
2596876
80404443
3920958
2185931
3175563
2361786
2318697
2619339
3696876
3609355
1733467
2311469
2422615
4160287
1642306
2152132
2983193
2955512
2876322
3824686
2915370
1435132
2315348
3260333
3390476
2674283
4099449
3075501
2593158
2068721
1658841
1976951
3372529
3885970
3460830
2437611
2519540
2487479
1795497
3089550
25089653
4156540
3272459
3707729
1902200
3083525
3713386
2678384
2419895
2364156
2967615
4457984
3234220
2292196
2898795
3493476
3129559
1298084
3061335
2283219
3121497
3103892
1824519
2332230
3044614
3965518
4050019
2334193
2411985
1909804
151631871
2994968
1911236
2887174
1793235
2769232
4124480
2056255
2472327
2345097
2551087
3136977
2784634
3775834
2357723
3151189
3908940
2272363
2417896
2009718
3657716
3136054
2793964
2341243
2300125
1893885
2712405
1616445
3375579
4059612
3070683
2466053
21064760
3344693
2823723
3913210
1713937
2587635
3536260
4020187
3338578
4007713
2448436
2681163
3299594
3040603
4259158
3261208
2286672
2758949
3761213
25785016
103486693
2783740
2440432
2586887
2461461
2755972
2258718
2959628
2135144
3473113
2644685
4145454
2160254
2577127
2425190
1853969
2988706
1589328
2956134
2601015
1703356
3362439
2243136
2331842
2434891
3321227
3952968
3020997
2669365
4446576
2768193
2358776
3253474
2703736
2199176
2843622
2216009
2678942
2648202
3654361
3818280
3095191
2775323
2825704
3592701
3715004
3134563
2319630
2303142
15548044
2974036
2792423
2741252
2979041
2995338
3870848
2960572
2432259
2094027
1805775
2554887
3014006
2355109
2989124
3314091
2603519
2610663
3443519
1752043
3242722
2705879
2989381
2145941
2432176
4386588
3270992
2647334
4096004
2210581
2869244
1867159
3479156
2954440
1999776
2330272
3107303
3365473
2168856
1838223
2384782
2424592
2683060
2173232
2590699
2229779
3691210
3176754
3824783
3092649
2925981
2619807
2532334
2076838
2011429
2621092
3022198
3007890
2933128
1938624
2456185
3534097
3256099
2755841
3296763
1589085
3154951
2248241
3237543
4314088
2752401
3187814
3137516
3197277
2617389
1510298
3260623
3219955
2873430
2157734
3354864
1542335
4216729
3102120
1792220
1827113
2836785
3067064
2305946
2380893
2850500
2364233
3020533
2178190
2226520
2765056
3623232
3988249
3873961
3179413
2309284
2685899
2399801
2030158
2183542
2364262
3150911
3338607
3541233
4364203
2492343
2331948
3236032
3677787
2553678
2559651
3123584
1938302
2674531
2581669
2256909
3027775
2275858
3248941
1984141
4617021
2766539
2947568
2930629
2808378
3836575
2776027
2867131
1939115
2043287
3486117
2672532
2262529
1795054
3221765
2430598
3069408
2124419
2115669
4345463
1928079
2840286
2514364
3150937
3444600
2454296
3126231
2106889
1978824
3287985
2003819
2995668
3263822
3110917
3447075
2856765
2648041
3469570
3075379
1953076
3717265
3275602
3795603
3429402
1954366
3547243
2133413
1858536
2825877
4401073
1836784
2560559
2089417
2534244
2047424
2091021
2567976
2032373
3406790
2398401
3074904
3524650
2646486
2937622
2739007
2874518
2743675
2634563
1006653
3251937
2645511
2017888
2804118
2463172
2826888
2549631
1850734
4280940
1938752
3505832
3531642
1389991
3130312
2503570
2740699
2866025
2407556
2113830
2432443
2258990
2135490
2778363
2514448
3308588
4363278
2775739
2915380
3142450
2371133
3093517
2811118
2491343
4017747
2488611
2007909
2337941
3557414
3137620
2759638
2297599
3401958
2804700
1746783
2673679
1657628
5246295
3353143
2491482
2353545
1752071
4778111
1390722
2110930
2050146
2619065
3610846
2633416
2393704
1461081
2271071
2392354
2324085
3613835
2296481
2417730
2187604
2946853
2808000
3062806
44765960
2434582
2468648
1498135
2924451
2609769
1900552
2919261
2506581
3433454
1684730
3302917
3027293
2766053
2405539
3730109
2029446
2386464
3506917
3607611
3445194
4339955
2278062
3725500
1947305
1983891
23136649
2497201
3235595
3622448
3636842
3726494
2584162
3306780
3300089
3562015
1473971
4194075
3169254
2920347
3269923
2729097
2828669
2363975
2228050
3054445
3753149
3719413
3255144
3072744
3841835
1871050
3781639
1505309
2021566
3181028
2476812
2939219
1963585
1847304
2430905
2994991
3098320
1564521
2488487
1726854
2326741
2980459
3227254
1334679
1903025
3097279
3192583
3077430
2302662
2294550
3091863
1983419
759074
3018546
2405607
2924778
2779609
2580316
2568110
3083049
1838876
4023913
2604169
2789125
3376919
1481988
3034452
2797396
3684190
1634008
3026082
2649302
2877021
2561176
3016355
1641274
1888616
2276966
3254367
1789522
3021033
3449013
2541294
2806670
3295366
3771598
2684881
3007450
4008040
3441639
3643123
3280962
2766139
3012945
2740681
3717595
2694999
2711737
2891778
3100972
2438628
2989522
1548909
2494923
2685648
4886355
2130560
3174152
2909180
3562148
3010548
2423450
3134138
3452428
2152356
3134428
3943596
3756481
3126850
2153495
2579234
2494353
2450500
2430799
1874084
3578901
2728772
1878770
2134616
3855560
3543960
2823306
1275508
3087994
1284568
1933194
1868247
3501309
2276763
2980100
1244809
3385305
3551247
2314929
2937964
1421823
1865947
3585073
2144156
2857505
3226082
2598093
2451067
3708645
2383481
2647689
1781957
4129054
2617934
2778774
2621543
2034124
2823302
2494915
2751726
1623063
2279140
2143536
3394468
3458415
2849216
3700012
2610603
2514935
3620016
2102922
1997904
2095040
2908264
2229215
2174240
3259244
2677616
2085326
2772894
2890931
2168205
2183348
3719026
2721120
2666252
3364567
2806693
2672152
4013028
2447570
2695748
2305007
3314738
2282743
3564843
3454866
3723718
2206772
3536773
2310552
3076555
2700161
2052712
3874896
918578
2073476
2414510
2933918
2783882
3591595
3179155
2295956
3038026
2522240
3691853
3189605
2156520
2888120
2703522
3447968
2277548
3665930
1647260
2016157
3081381
2658284
3112541
2189532
1760857
4177794
3920024
1662829
3083575
1776114
2975438
3091035
2316156
2901514
2670638
2527977
2707315
3556822
2451862
2491201
2929418
2060312
2705021
3273084
2198322
2229903
2499023
2975815
2220044
2138036
3618232
2828901
1816748
2515070
2452684
2200207
3249399
3304844
4063635
8289929
2670598
2869588
2573808
2746353
1559427
1945085
2941628
2469172
3358562
2866025
1651583
3163145
2477844
3629135
3205964
2630350
2183249
2898994
3284048
1913704
2751899
2309865
2763851
3023773
1882387
2866591
2097115
9490372
3141510
1625383
4286203
2278941
3698544
3386445
2707280
4288609
2758736
3534820
2035301
2524644
2675570
2580353
3250419
2793257
2471743
3219738
2686751
2300087
2208383
3688124
1759427
2537099
3501089
1906397
2668085
3893547
1797155
3725276
2520945
3406027
3085132
3144035
3238140
2011096
3066503
2460676
3050359
2651263
3161260
3687567
5041131
3246693
2269674
2334242
3611728
2859707
4021307
3330149
1772078
2212334
3663584
3418838
2078320
5215828
2607904
2513726
2720609
4030860
3721573
3372623
2914721
3217878
3213554
2126252
3405100
3512068
2672228
4301433
1981655
3326455
3216556
6792878
2838213
2341459
3413053
2625714
4044774
2257779
3567875
109378080
2734051
51727425
9463181
4719071
3775543
4222682
4188602
1990585
3792205
4220600
3597830
3173874
2701493
3233728
2904973
2809029
4188893
4110166
3374551
3567427
12740425
3038125
2743895
1603020
2480374
3118484
3159859
3140593
2533161
2253848
2623772
2879102
3738723
38419711
9608727
6091942
3538920
2567077
3571151
4149584
2946655
7113573
4732975
8029595
2962215
3072261
18678793
3715146
9866638
6187090
3246768
3208140
2329734
2041051
2857206
3608038
4349355
4403305
3680342
4123424
2667342
3122193
3679133
6126580
3180443
1669328
2317841
2462651
4827389
4294157
3413187
2921630
1619297
3261783
3902865
3179890
3834104
530865096
14253379701
^C
bash-3.2$ exit
exit

Script done on Wed Dec 10 23:11:49 2014
